1922
11480
6218
38182
26859
763
3515
36221
17462
603
1191
15951
1632
16814
919
25199
244
10
6385
1500
54008
27317
24395
26838
1092
18243
4241
1389
55604
1838
15127
3027
2071
5701
3327
3808
56175
4165
17282
140
15967
3873
86383
2332
27293
250
26899
10569
14258
1216
3201
28212
15901
18922
10551
57161
8999
42930
3091
3510
2088
19058
5248
6557
34172
6886
8784
23440
24234
24004
25079
634
3890
26485
24808
8657
6198
2473
55561
23850
32
38336
7460
26434
27535
14589
357
10247
4619
3679
22929
3239
14181
21430
5120
5373
1351
41781
115
485
